
1422894272.585656 2048 8.194397 5.451663
1422894286.957731 512 1.378568 0.925851
1422894290.155011 1024 1.506076 0.572254
1422894292.799297 128 1.937453 0.829849
1422894296.176306 256 1.625469 0.854488
1422894257.563179 2048 0.534392 0.287914
1422894258.925165 512 0.529235 0.283308
1422894260.262574 1024 0.512248 0.271320
1422894261.465467 128 0.479587 1.862598
1422894264.185350 256 0.502828 0.262371
1422894238.665108 2048 1.436346 0.413075
1422894241.968059 512 0.923647 0.531925
1422894244.589943 1024 0.761214 0.354837
1422894246.334265 128 0.760746 0.800824
1422894250.346204 256 0.720923 0.317975
